2.6437981258095378,0.9556470876614387
2.7093893246572684,0.9538412022500138
1.8819162999290189,0.9809678190149951
1.590093268506717,0.9935956626628835
-------
1.7037338237778388,0.9881498852570957
2.216784001775485,0.9687252554778137
0.8916637765621835,1.0366337547289526
3.923157725791363,0.9262293327028283
----
5.77388777910502,0.897436821646691
5.950789977021926,0.8952053569487132
2.4020452355707747,0.9628043129070738
3.4563472308619283,0.9356608823964416
1.5070673412481288,0.9921283037639304
1.5203906643080791,0.989920394526266
1.5802882948349457,0.9808282017048673
1.5180218612742227,0.990183863463943
