2.2 8.40
3.5 10.80
5.5 18.00
6 24.00
9.7 25.20
7.7 31.20
11.3 36.00
8.2 3.60
6.5 4.20
8 10.20
20 13.80
10 14.10
15 14.80
10.4 15.00
13 6.00
14 6.00
19.7 6.00
32.5 16.00
31.5 6.00
12.5 6.20
15.4 7.00
20 17.20
7.5 17.20
16.3 8.20
15 19.00
11.4 9.88
21 10.70
16 11.40
25.9 11.76
24.6 11.76
29.5 12.00
19.3 15.50
32.6 17.00
35.5 19.20
38 21.00
48.5 23.90
47.5 25.20
70 27.80
66.6 30.00
66.6 15.28
50 37.00
79 34.00
90 45.00
78 5.71
100 21.50
150 3.24
100 13.60
100 3.60
190 4.20
115.8 4.80
101 7.50
161.1 8.15
